200211139
200202998
200215749
200219484
200211780
200218961
200219420
200211978
200220470
200210385
200215353
200216071
200220297
200216707
200219465
200219362
200212361
200219477
200215520
200212365
200219352
200215727
200216073
200214153
200219698
200217271
200212682
200219166
200215825
200220410
200215885
200180278
200215686
200217308
200216112
200018960
200219746
200197487
200210983
200219367
200219290
200219767
200219706
200220586
200211551
200210472
200425550
200219772
200219378
200216058
200217245
200215746
200211537
200219273
200219689
200219425
200219438
200219736
200211981
200217928
200219467
200217122
200220315
200219720
200220548
200211460
200211964
200219429
200217158
200211471
200220515
200213215
200217006
200220520
200220489
200219449
200214145
200216541
200216072
200215871
200219353
200216023
200216080
200220469
200210847
200216269
200220665
200219695
200201220
200219712
200216953
200212632
200214264
200213945
200219433
200219473
200219450
200220095
200210917
200220518
200219442
200220220
200219752
200216536
200213930
200201962
200216782
200219350
200216920
200215224
200219709
200211376
200220024
200211483
200215757
200217285
200213351
200215416
200219753
200219398
200215422
200216103
200212540
200216081
200219437
200211104
200219725
200203196
200215623
200208701
200208513
200219731
200217299
200215751
200032019
200211747
200208718
200220525
200219262
200216099
200216876
200215171
200219360
200217295
200219458
200180306
200219421
200201403
200219381
200215964
200180279
200216093
200217001
200219413
200216113
200211105
200215967
200215822
200218972
200220532
200211272
200216852
200220579
200219428
200216088
200219430
200219454
200180290
200211025
200219694
200208398
200219755
200210604
200215414
200215940
200220375
200216120
200216123
200215791
200220203
200215809
200201966
200220578
200219739
200219268
200173884
200219174
200215911
200216065
200215887
200216522
200199736
200208444
200216572
200208332
200216601
200180296
200212418
200549079
200210390
200202232
200219735
200201462
200219365
200219745
200203228
200216786
200219781
200215916
200211457
200220521
200219704
200219271
200216107
200218963
200220523
200201419
200201809
200215760
200219464
200216705
200219068
200202276
200216085
200220405
200219743
200220452
200220538
200211271
200217251
200210976
200215431
200212625
200028157
200216720
200215745
200211195
200216693
200220457
200219779
200213185
200219431
200219386
200218995
200215750
200201863
200203226
200217930
200219723
200201405
200216001
200215956
200213908
200219128
200213192
200219436
200212614
200220229
200219147
200219409
200220585
200216011
200000742
200216757
200218993
200212624
200216041
200214141
200215097
200215758
200180292
200218964
200219742
200220273
200216571
200219702
200211949
200219470
200211962
200211954
200215755
200213352
200215788
200219151
200211781
200219389
200000189
200219305
200219396
200216996
200211974
200216101
200220522
200216128
200217015
200217187
200210978
200215713
200216127
200219715
200219740
200219770
200219747
200216086
200211761
200201410
200216972
200218991
200217267
200219475
200216084
200219487
200220217
200219775
200212541
200202277
200212104
200213204
200216713
200219417
200215855
200216807
200217237
200219490
200216039
200201466
200219435
200201961
200173084
200219373
200219471
200212367
200216748
200220047
200211451
200216125
200216055
200216038
200219460
200216526
200212362
200220352
200216994
200220542
200215653
200217289
200215795
200211778
200219478
200000187
200219452
200208422
200216805
200211759
200211845
200219388
200215246
200215912
200211858
200215863
200208252
200216587
200219401
200204247
200216109
200219762
200219718
200195295
200220637
200219691
200216778
200220653
200211748
200217282
200211466
200215467
200219309
200201972
200219152
200216077
200213186
200217185
200216831
200215675
200219369
200173356
200219392
200217121
200215681
200217100
200216975
200208443
200217046
200212621
200197428
200219469
200201470
200216970
200219688
200220308
200217019
200216593
200215573
200219724
200215628
200219744
200219451
200215820
200220202
200220368
200215241
200216050
200216796
200220310
200215914
200220408
200211982
200215621
200215222
200216569
200216752
200216100
200211024
200220374
200216008
200216078
200220248
200217048
200215946
200219384
200216547
200212359
200032036
200214313
200210974
200220621
200219180
200202225
200219280
200202278
200201861
200219393
200201875
200219733
200216687
200217004
200211960
200219385
200212387
200219375
200201960
200216045
200217083
200216997
200219764
200219697
200220581
200220632
200210979
200219699
200215672
200211013
200220544
200215753
200219726
200213341
200217255
200220362
200219728
200220230
200208249
200173292
200219741
200216076
200220529
200216098
200084439
200195290
200215651
200217196
200220025
200216939
200201970
200211012
200217217
200220584
200212598
200219721
200210828
200215494
200195297
200202224
200217029
200216977
200195293
200215762
200201407
200214140
200219751
200216755
200220431
200219705
200220536
200217208
200216119
200214065
200217087
200211463
200195292
200211468
200217095
200219758
200215615
200213951
200203320
200220461
200219380
200219727
200219282
200215595
200219463
200217155
200180298
200215581
200212605
200204400
200217005
200220072
200219769
200219693
200219143
200215683
200213191
200219387
200219783
200216089
200219461
200216992
200212608
200220526
200211750
200204240
200202279
200215492
200216122
200219403
200215208
200215905
200217260
200219361
200215719
200215619
200216129
200216543
200216026
200219412
200216069
200215511
200215793
200215959
200219732
200220590
200211749
200215723
200216961
200219257
200202231
200219480
200219356
200219372
200215754
200216070
200219734
200219127
200219064
200211988
200211774
200201971
200216689
200196227
200180287
200218955
200216856
200219738
200211751
200212542
200216829
200201648
200211765
200215578
200219302
200220366
200219424
200195756
200220377
200220413
200211538
200215924
200220466
200215716
200215644
200216013
200219737
200211847
200219441
200211194
200216507
200219716
200218996
200219703
200216718
200217214
200219394
200220558
200219133
200217039
200212363
200219366
200211000
200217816
200215978
200219416
200218946
200220635
200219483
200216509
200214870
200211100
200213912
200216701
200219312
200219453
200220527
200219332
200215230
200202812
200216949
200219701
200220583
200220354
200220458
200215861
200217099
200215543
200219418
200922770
200219411
200220454
200216981
200201231
200211763
200173992
200219432
200219294
200216114
200211969
200211461
200211010
200219141
200212360
200211777
200211951
200213936
200215656
200216044
200217152
200219408
200215752
200204376
200215926
200220450
200219457
200208498
200216794
200000281
200216124
200215889
200220372
200219130
200216517
200216051
200220620
200219766
200219466
200201404
200215468
200217014
200216090
200220254
200213199
200216835
200215709
200215907
200216035
200215496
200219749
200216087
200219482
200215695
200220088
200213208
200211681
200220349
200220260
200211452
200216813
200214418
200211464
200219145
200219363
200216709
200220293
200215759
200217092
200197475
200210995
200211275
200204381
200203201
200220554
200219476
200219472
200219419
200204241
200219729
200220630
200219780
200219390
200211952
200213342
200216846
200219236
200220465
200216724
200217154
200210998
200211004
200174002
200216116
200219456
200211459
200219395
200216118
200211550
200217818
200211065
200219407
200216095
200211449
200211965
200220540
200204399
200217276
200220580
200219427
200216037
200213203
200215704
200195296
200000056
200216053
200202226
200216059
200210996
200216043
200219759
200211549
200201465
200201402
200206480
200195291
200217149
200215427
200215412
200220663
200215500
200216684
200219155
200215987
200211764
200210986
200203233
200219391
200216117
200215831
200032017
200217160
200219307
200219355
200216924
200200465
200215424
200220225
200216015
200219710
200215429
200219364
200215721
200203048
200216057
200106864
200214144
200215906
200217304
200216092
200216033
200219357
200219423
200217305
200214038
200216091
200214728
200215354
200220608
200215521
200214111
200217018
200210971
200216521
200219399
200219717
200215432
200219016
200219481
200215730
200219354
200215859
200212250
200215195
200220151
200219067
200211458
200215798
200219754
200204380
200220588
200215490
200219777
200203181
200220371
200201415
200215873
200219169
200211068
200219468
200219722
200219757
200214981
200220556
200208765
200217044
200215787
200215239
200215784
200219299
200215575
200000185
200219685
200004949
200219768
200215980
200215435
200216067
200219400
200219708
200219248
200219444
200219358
200216083
200217089
200216998
200220530
200211746
200208470
200180281
200211775
200214868
200212594
200216097
200211102
200219491
200220256
200220041
200217049
200219406
200216545
200202284
200211281
200215868
200220582
200173891
200220647
200211473
200202685
200203193
200219707
200217239
200215685
200220069
200211760
200204385
200217144
200211016
200218436
200220356
200219479
200220546
200217274
200219207
200215684
200220592
200203235
200219782
200219447
200216047
200216111
200219760
200214866
200216691
200217216
200215756
200216061
200203236
200219439
200215725
200219171
200216780
200216060
200210801
200220075
200211779
200216068
200211462
200216063
200219404
200215985
200219383
200216519
200173387
200172656
200017603
200201967
200216542
200196228
200202230
200203191
200215630
200216062
200220274
200195289
200220100
200208246
200215642
200220379
200219374
200211984
200213339
200215989
200216951
200219377
200216094
200219711
200216516
200220562
200219124
200212315
200215694
200213193
200216538
200203184
200211953
200216715
200220486
200219474
200219446
200219376
200219448
200211481
200215632
200217241
200211967
200219405
200220550
200211274
200219748
200220048
200217119
200219763
200215761
200215992
200219422
200211279
200213184
200220472
200220655
200220576
200219157
200217169
200220639
200211454
200208464
200216822
200212613
200210997
200219730
200219402
200219359
200216518
200211950
200219714
200219142
200216711
200216040
200204154
200219154
200219488
200219719
200216115
200219434
200215243
200216046
200215903
200219700
200210821
200210969
200220359
200219692
200218941
200210987
200215938
200216523
200217230
200204377
200219773
200216539
200215203
200031507
200212600
200220524
200219371
200215248
200219379
200219771
200211539
200213929
200219455
200213190
200219382
200216121
200204378
200216066
200216104
200204259
200220086
200211103
200215931
200219687
200216699
200215691
200215951
200201417
200219756
200211776
200215917
200219750
200216048
200219132
200219368
200211762
200211178
200216968
200218953
200220460
200216054
200216082
200173880
200210666
200219778
1000000002
200217284
200211758
200220444
200215743
200215498
200220344
200000069
200216737
200215591
200219255
200219443
200219397
200220455
200216703
200217102
200219062
200217301
200202233
200219440
200216132
200180276
200000295
200219489
200172412
200216548
200215929
200213198
200217098
200216052
200216806
200219696
200211282
200219765
200219238
200219414
200216049
200219176
200202244
200219327
200214487
200195298
200212498
200215949
200216102
200219690
200216763
200219370
200210993
200219287
200219410
200219259
200215748
200216006
200215829
200204156
200210994
200217114
200211959
200219774
200219485
200220475
200219459
200195294
200196226
200220628
200220577
200217198
200215747
200211480
200220528
200219776
200216105
200220552
200217050
200208700
200211482
200219426
200211976
200216108
200201401
200220322
200217025
200220534
200219713
200219415
200219486
200220646
200219445
200212366
200213214
200216979
200210834
200219761
200216899
200219462
200219686
200220091
